1825679461
423805317
1986530718
1440526654
682246186
706740779
1888899701
-1418904095
1865688573
906172084
271310845
299101383
-2039073695
-1824001207
1340402595
-726731825
1887973190
-918101008
-1186741766
1793278337
-1994349631
1856537649
33460103
473528143
-1057714433
-502330116
1312842456
-514210787
737542263
-1066656567
1580186587
-1538497789
-1096930465
-1205314048
830356588
498909777
1212324704
1521790876
1542082095
43620051
1815904396
494056458
-892022369
1586257749
1017398927
1096608342
-744871321
-429450135
1188227876
-1531660919
1568619760
-632340377
788383691
92206668
-34066118
374938548
744014520
1291721424
605556463
297224519
-847897842
-1780299535
-2057992523
1825955689
-732281780
-1629845863
63077571
-168728389
-701659897
-1011481502
832121015
-1506416259
-1294185255
-824775041
1893392037
2003989772
949122457
-2060490788
-722872973
1211242412
487384012
-1491364990
1355316835
-1982654328
1451244122
-771764160
608059888
-1505634314
780834180
-1340306809
-1110788642
-376648194
-963542763
-810366827
-1806851956
182152476
1028431319
1319294166
-1831117428
-123081403
